0.245613
0.245613
0.245613
0.245613
0.245613
0.245613
0.201755
0.254385
0.254385
0.254385
0.254385
0.254385
0.254385
0.622806
0.254385
0.254385
0.249999
0.245613
0.245613
0.245613
0.236841
0.236841
0.754384
0.219297
0.219297
0.210526
0.210526
0.201755
0.201754
0.201754
0.649121
0.201754
0.27193
0.280701
0.280701
0.280701
0.280701
0.280701
0.59649
0.289473
0.280701
0.280701
0.280701
0.280701
0.289473
0.824559
0.289473
0.298245
0.298245
0.307017
0.938594
0.315789
0.289474
0.307017
0.535087
0.307018
0.298245
0.298245
0.561402
0.307017
0.307017
0.0877195
0.535086
0.657894
