31.3159
38.4212
39.4739
38.6844
30.7896
33.9475
40.2634
42.6318
44.4739
44.4739
38.9476
30.5264
28.4211
27.8948
28.4211
31.3159
32.1054
27.6317
27.6317
28.158
28.6843
29.4738
30.5264
33.4212
35.3949
41.316
43.4213
39.4739
35.2633
27.3685
26.3159
26.3159
26.0527
26.0527
27.3684
27.3684
27.3684
27.3246
27.2807
27.2369
27.193
27.1491
27.1053
21.8421
21.8421
21.7105
21.5789
21.3157
21.3157
21.3157
29.7369
23.9473
25.7894
27.1052
27.1052
27.1052
27.8947
39.4738
40.0001
40.5264
41.3158
42.3684
44.4737
34.9999
