0.245613
0.245613
0.245613
0.245613
0.245613
0.245613
0.249999
0.254385
0.254385
0.254385
0.254385
0.254385
0.254385
0.622806
0.254385
0.254385
0.249999
0.245613
0.245613
0.245613
0.236841
0.236841
0.228069
0.219297
0.219297
0.210526
0.201754
0.201754
0.201754
0.201754
0.649121
0.201754
0.27193
0.280701
0.280701
0.280701
0.280701
0.280701
0.289473
0.289473
0.280701
0.280701
0.280701
0.280701
0.289473
0.289473
0.289473
0.298245
0.298245
0.307017
0.7807
0.315789
0.342105
0.307017
0.307017
0.307017
0.298245
0.298245
0.561402
0.307017
0.307017
0.0877195
0.535086
0.657894
