0.236917
0.245689
0.254461
0.236917
0.298245
0.307017
0.298245
0.289473
0.289473
0.324561
0.385964
0.447368
0.508771
0.561402
0.587718
0.657893
0.657893
0.631577
0.578946
0.456139
0.403508
0.438596
0.482455
0.517543
0.55263
0.561402
0.605262
0.622805
0.640349
0.587718
0.464911
0.394736
0.377192
0.377192
0.394736
0.456139
0.495613
0.587718
0.684209
0.798243
0.885962
1
1
1
1
1
1
0.456139
0.324561
0.175439
0.149123
0.36842
0.429824
0.535087
0.570174
0.657893
0.666665
0.692981
0.728068
0.710524
0.701753
0.701753
0.728068
0
